Random 16-bit Value: | High Byte | Low Byte |
Byte 1: 29304   120   114
Byte 3: 34837   21   136
Byte 5: 28150   246   109
Byte 7: 39106   194   152
Byte 9: 34055   7   133
Byte 11: 54688   160   213
Byte 13: 17456   48   68
Byte 15: 59408   16   232
Byte 17: 28543   127   111
Byte 19: 4875   11   19
Byte 21: 16353   225   63
Byte 23: 65373   93   255
Byte 25: 61559   119   240
Byte 27: 26786   162   104
Byte 29: 47617   1   186
Byte 31: 724   212   2
Byte 33: 43873   97   171
Byte 35: 5959   71   23
Byte 37: 23709   157   92
Byte 39: 43055   47   168
Byte 41: 41848   120   163
Byte 43: 6968   56   27
Byte 45: 65069   45   254
Byte 47: 39646   222   154
Byte 49: 45711   143   178
Byte 51: 59354   218   231
Byte 53: 19953   241   77
Byte 55: 59258   122   231
Byte 57: 41128   168   160
Byte 59: 52753   17   206
Byte 61: 29214   30   114
Byte 63: 21293   45   83
Byte 65: 29295   111   114
Byte 67: 13026   226   50
Byte 69: 49703   39   194
Byte 71: 34741   181   135
Byte 73: 25042   210   97
Byte 75: 53953   193   210
Byte 77: 56377   57   220
Byte 79: 52511   31   205
Byte 81: 15785   169   61
Byte 83: 61240   56   239
Byte 85: 55357   61   216
Byte 87: 39673   249   154
Byte 89: 61893   197   241
Byte 91: 37936   48   148
Byte 93: 2006   214   7
Byte 95: 47167   63   184
Byte 97: 6097   209   23
Byte 99: 1226   202   4
Byte 101: 25551   207   99
Byte 103: 58319   207   227
Byte 105: 25851   251   100
Byte 107: 52231   7   204
Byte 109: 63950   206   249
Byte 111: 42121   137   164
Byte 113: 54361   89   212
Byte 115: 12197   165   47
Byte 117: 29922   226   116
Byte 119: 35469   141   138
Byte 121: 21027   35   82
Byte 123: 52799   63   206
Byte 125: 18161   241   70
Byte 127: 32242   242   125
Byte 129: 37589   213   146
Byte 131: 49649   241   193
Byte 133: 10229   245   39
Byte 135: 59661   13   233
Byte 137: 44444   156   173
Byte 139: 3539   211   13
Byte 141: 2550   246   9
Byte 143: 32228   228   125
Byte 145: 32122   122   125
Byte 147: 57124   36   223
Byte 149: 55697   145   217
Byte 151: 56645   69   221
Byte 153: 57226   138   223
Byte 155: 26534   166   103
Byte 157: 51982   14   203
Byte 159: 43889   113   171
Byte 161: 35085   13   137
Byte 163: 60008   104   234
Byte 165: 22502   230   87
Byte 167: 34450   146   134
Byte 169: 29990   38   117
Byte 171: 27550   158   107
Byte 173: 12938   138   50
Byte 175: 50464   32   197
Byte 177: 30751   31   120
Byte 179: 44167   135   172
Byte 181: 45960   136   179
Byte 183: 47191   87   184
Byte 185: 4869   5   19
Byte 187: 18916   228   73
Byte 189: 38089   201   148
Byte 191: 58267   155   227
Byte 193: 13425   113   52
Byte 195: 42445   205   165
Byte 197: 12322   34   48
Byte 199: 27855   207   108
Byte 201: 9263   47   36
Byte 203: 20039   71   78
Byte 205: 58202   90   227
Byte 207: 63206   230   246
Byte 209: 13578   10   53
Byte 211: 36904   40   144
Byte 213: 25458   114   99
Byte 215: 52258   34   204
Byte 217: 42449   209   165
Byte 219: 48806   166   190
Byte 221: 46610   18   182
Byte 223: 5798   166   22
Byte 225: 64612   100   252
Byte 227: 61154   226   238
Byte 229: 40671   223   158
Byte 231: 3400   72   13
Byte 233: 13290   234   51
Byte 235: 45679   111   178
Byte 237: 18850   162   73
Byte 239: 7435   11   29
Byte 241: 19586   130   76
Byte 243: 34380   76   134
Byte 245: 3696   112   14
Byte 247: 27209   73   106
Byte 249: 64041   41   250
Byte 251: 5602   226   21
Byte 253: 8949   245   34
Byte 255: 46077   253   179

SeedInt input: 1294200190000
After XORing low byte: [
   72, 114,  21, 136, 246, 109, 194, 152,   7, 133, 160, 213,
   48,  68,  16, 232, 127, 111,  11,  19, 225,  63,  93, 255,
  119, 240, 162, 104,   1, 186, 212,   2,  97, 171,  71,  23,
  157,  92,  47, 168, 120, 163,  56,  27,  45, 254, 222, 154,
  143, 178, 218, 231, 241,  77, 122, 231, 168, 160,  17, 206,
   30, 114,  45,  83, 111, 114, 226,  50,  39, 194, 181, 135,
  210,  97, 193, 210,  57, 220,  31, 205, 169,  61,  56, 239,
   61, 216, 249, 154, 197, 241,  48, 148, 214,   7,  63, 184,
  209,  23, 202,   4,
  ... 156 more items
]
After XORing second byte: [
   72, 198,  21, 136, 246, 109, 194, 152,   7, 133, 160, 213,
   48,  68,  16, 232, 127, 111,  11,  19, 225,  63,  93, 255,
  119, 240, 162, 104,   1, 186, 212,   2,  97, 171,  71,  23,
  157,  92,  47, 168, 120, 163,  56,  27,  45, 254, 222, 154,
  143, 178, 218, 231, 241,  77, 122, 231, 168, 160,  17, 206,
   30, 114,  45,  83, 111, 114, 226,  50,  39, 194, 181, 135,
  210,  97, 193, 210,  57, 220,  31, 205, 169,  61,  56, 239,
   61, 216, 249, 154, 197, 241,  48, 148, 214,   7,  63, 184,
  209,  23, 202,   4,
  ... 156 more items
]
After XORing third byte: [
   72, 198,  66, 136, 246, 109, 194, 152,   7, 133, 160, 213,
   48,  68,  16, 232, 127, 111,  11,  19, 225,  63,  93, 255,
  119, 240, 162, 104,   1, 186, 212,   2,  97, 171,  71,  23,
  157,  92,  47, 168, 120, 163,  56,  27,  45, 254, 222, 154,
  143, 178, 218, 231, 241,  77, 122, 231, 168, 160,  17, 206,
   30, 114,  45,  83, 111, 114, 226,  50,  39, 194, 181, 135,
  210,  97, 193, 210,  57, 220,  31, 205, 169,  61,  56, 239,
   61, 216, 249, 154, 197, 241,  48, 148, 214,   7,  63, 184,
  209,  23, 202,   4,
  ... 156 more items
]
After XORing fourth byte: [
   72, 198,  66, 220, 246, 109, 194, 152,   7, 133, 160, 213,
   48,  68,  16, 232, 127, 111,  11,  19, 225,  63,  93, 255,
  119, 240, 162, 104,   1, 186, 212,   2,  97, 171,  71,  23,
  157,  92,  47, 168, 120, 163,  56,  27,  45, 254, 222, 154,
  143, 178, 218, 231, 241,  77, 122, 231, 168, 160,  17, 206,
   30, 114,  45,  83, 111, 114, 226,  50,  39, 194, 181, 135,
  210,  97, 193, 210,  57, 220,  31, 205, 169,  61,  56, 239,
   61, 216, 249, 154, 197, 241,  48, 148, 214,   7,  63, 184,
  209,  23, 202,   4,
  ... 156 more items
]
Initializing PRNG state...
Seeding time...
SeedInt input: 1294200190000
After XORing low byte: [
   72, 198,  66, 220, 198, 109, 194, 152,   7, 133, 160, 213,
   48,  68,  16, 232, 127, 111,  11,  19, 225,  63,  93, 255,
  119, 240, 162, 104,   1, 186, 212,   2,  97, 171,  71,  23,
  157,  92,  47, 168, 120, 163,  56,  27,  45, 254, 222, 154,
  143, 178, 218, 231, 241,  77, 122, 231, 168, 160,  17, 206,
   30, 114,  45,  83, 111, 114, 226,  50,  39, 194, 181, 135,
  210,  97, 193, 210,  57, 220,  31, 205, 169,  61,  56, 239,
   61, 216, 249, 154, 197, 241,  48, 148, 214,   7,  63, 184,
  209,  23, 202,   4,
  ... 156 more items
]
After XORing second byte: [
   72, 198,  66, 220, 198, 217, 194, 152,   7, 133, 160, 213,
   48,  68,  16, 232, 127, 111,  11,  19, 225,  63,  93, 255,
  119, 240, 162, 104,   1, 186, 212,   2,  97, 171,  71,  23,
  157,  92,  47, 168, 120, 163,  56,  27,  45, 254, 222, 154,
  143, 178, 218, 231, 241,  77, 122, 231, 168, 160,  17, 206,
   30, 114,  45,  83, 111, 114, 226,  50,  39, 194, 181, 135,
  210,  97, 193, 210,  57, 220,  31, 205, 169,  61,  56, 239,
   61, 216, 249, 154, 197, 241,  48, 148, 214,   7,  63, 184,
  209,  23, 202,   4,
  ... 156 more items
]
After XORing third byte: [
   72, 198,  66, 220, 198, 217, 149, 152,   7, 133, 160, 213,
   48,  68,  16, 232, 127, 111,  11,  19, 225,  63,  93, 255,
  119, 240, 162, 104,   1, 186, 212,   2,  97, 171,  71,  23,
  157,  92,  47, 168, 120, 163,  56,  27,  45, 254, 222, 154,
  143, 178, 218, 231, 241,  77, 122, 231, 168, 160,  17, 206,
   30, 114,  45,  83, 111, 114, 226,  50,  39, 194, 181, 135,
  210,  97, 193, 210,  57, 220,  31, 205, 169,  61,  56, 239,
   61, 216, 249, 154, 197, 241,  48, 148, 214,   7,  63, 184,
  209,  23, 202,   4,
  ... 156 more items
]
After XORing fourth byte: [
   72, 198,  66, 220, 198, 217, 149, 204,   7, 133, 160, 213,
   48,  68,  16, 232, 127, 111,  11,  19, 225,  63,  93, 255,
  119, 240, 162, 104,   1, 186, 212,   2,  97, 171,  71,  23,
  157,  92,  47, 168, 120, 163,  56,  27,  45, 254, 222, 154,
  143, 178, 218, 231, 241,  77, 122, 231, 168, 160,  17, 206,
   30, 114,  45,  83, 111, 114, 226,  50,  39, 194, 181, 135,
  210,  97, 193, 210,  57, 220,  31, 205, 169,  61,  56, 239,
   61, 216, 249, 154, 197, 241,  48, 148, 214,   7,  63, 184,
  209,  23, 202,   4,
  ... 156 more items
]
Time seeded.
ArcFour PRNG state created.
Current Pool: [
   72, 198,  66, 220, 198, 217, 149, 204,   7, 133, 160, 213,
   48,  68,  16, 232, 127, 111,  11,  19, 225,  63,  93, 255,
  119, 240, 162, 104,   1, 186, 212,   2,  97, 171,  71,  23,
  157,  92,  47, 168, 120, 163,  56,  27,  45, 254, 222, 154,
  143, 178, 218, 231, 241,  77, 122, 231, 168, 160,  17, 206,
   30, 114,  45,  83, 111, 114, 226,  50,  39, 194, 181, 135,
  210,  97, 193, 210,  57, 220,  31, 205, 169,  61,  56, 239,
   61, 216, 249, 154, 197, 241,  48, 148, 214,   7,  63, 184,
  209,  23, 202,   4,
  ... 156 more items
]
Initial State of S: [
   0,  1,  2,  3,  4,  5,  6,  7,  8,  9, 10, 11,
  12, 13, 14, 15, 16, 17, 18, 19, 20, 21, 22, 23,
  24, 25, 26, 27, 28, 29, 30, 31, 32, 33, 34, 35,
  36, 37, 38, 39, 40, 41, 42, 43, 44, 45, 46, 47,
  48, 49, 50, 51, 52, 53, 54, 55, 56, 57, 58, 59,
  60, 61, 62, 63, 64, 65, 66, 67, 68, 69, 70, 71,
  72, 73, 74, 75, 76, 77, 78, 79, 80, 81, 82, 83,
  84, 85, 86, 87, 88, 89, 90, 91, 92, 93, 94, 95,
  96, 97, 98, 99,
  ... 156 more items
]
Final State of S after Initialization: [
   72,  15,  83, 133, 252, 249, 135,   0, 198,   3, 130, 111,
   94,  67,  28,  50,  53, 200, 253,  85,  14, 142, 146,  64,
  224,  62, 219, 241, 108,   9,  52,  45, 161, 175, 101,  51,
   79, 119, 112,  21, 223, 203, 162, 164, 236,  32, 193,  68,
   20, 167, 229, 232,   7, 148, 122, 152, 120, 124, 105, 233,
  216,  34,  55, 147,  66, 245,  38, 140, 247, 243, 213, 163,
    6, 159,   5, 211, 231,  22,  90, 118, 173,  16, 197,  19,
  149, 221,  49, 128, 235,  57, 185, 127, 177, 196, 178, 201,
  137,  73, 237,  43,
  ... 156 more items
]
PRNG state initialized.
Pool reset.
i: 1 j: 15 t: 15
Decimal -> Hex: 245 -> f5
i: 2 j: 98 t: 83
Decimal -> Hex: 66 -> 42
i: 3 j: 231 t: 133
Decimal -> Hex: 73 -> 49
i: 4 j: 227 t: 252
Decimal -> Hex: 124 -> 7c
i: 5 j: 220 t: 249
Decimal -> Hex: 125 -> 7d
i: 6 j: 99 t: 135
Decimal -> Hex: 171 -> ab
i: 7 j: 99 t: 0
Decimal -> Hex: 145 -> 91
i: 8 j: 41 t: 198
Decimal -> Hex: 117 -> 75
i: 9 j: 44 t: 3
Decimal -> Hex: 210 -> d2
i: 10 j: 174 t: 130
Decimal -> Hex: 118 -> 76
i: 11 j: 29 t: 111
Decimal -> Hex: 187 -> bb
i: 12 j: 123 t: 94
Decimal -> Hex: 162 -> a2
i: 13 j: 190 t: 67
Decimal -> Hex: 202 -> ca
i: 14 j: 218 t: 28
Decimal -> Hex: 226 -> e2
i: 15 j: 233 t: 15
Decimal -> Hex: 99 -> 63
i: 16 j: 30 t: 53
Decimal -> Hex: 48 -> 30
i: 17 j: 230 t: 200
Decimal -> Hex: 175 -> af
i: 18 j: 227 t: 253
Decimal -> Hex: 218 -> da
i: 19 j: 56 t: 85
Decimal -> Hex: 207 -> cf
i: 20 j: 70 t: 14
Decimal -> Hex: 253 -> fd
i: 21 j: 212 t: 142
Decimal -> Hex: 214 -> d6
i: 22 j: 102 t: 146
Decimal -> Hex: 216 -> d8
i: 23 j: 166 t: 64
Decimal -> Hex: 160 -> a0
i: 24 j: 134 t: 224
Decimal -> Hex: 169 -> a9
i: 25 j: 196 t: 62
Decimal -> Hex: 158 -> 9e
i: 26 j: 159 t: 219
Decimal -> Hex: 100 -> 64
i: 27 j: 144 t: 241
Decimal -> Hex: 181 -> b5
i: 28 j: 252 t: 108
Decimal -> Hex: 47 -> 2f
i: 29 j: 107 t: 111
Decimal -> Hex: 101 -> 65
i: 30 j: 160 t: 53
Decimal -> Hex: 11 -> b
i: 31 j: 205 t: 45
Decimal -> Hex: 108 -> 6c
i: 32 j: 110 t: 161
Decimal -> Hex: 0 -> 0
32 Byte Hex String: f542497c7dab9175d276bba2cae26330afdacffdd6d8a0a99e64b52f650b6c00
